[0m[ INFO] [1444330381.743357279]: Opening Bag[0m
-0.176493
10.0897
0.260866
-9.30078
4.33802
0.183175
1.05215
83.3028
-4.47708
-6.04913
5.17865
12.9365
-1.70018
-2.03042
-21.3624
2.51605
-2.49571
-3.56172
4.40756
1.60084
33.3649
1.00674
2.74259
2.65224
-2.73158
28.5475
15.2515
11.352
-1.53719
14.5284
-28.8971
5.89005
-5.27135
8.85942
-0.109298
-1.82039
-12.114
-1.84635
-5.88403
0.875863
-1.73285
-2.18148
-25.1301
23.3285
-42.0331
23.4945
8.84873
-6.41631
1.28974
7.0774
1.53335
-0.494914
0.576411
1.90881
4.16253
8.46095
2.5712
-2.76488
6.12848
-1.26682
-3.9549
27.9032
-12.0345
9.13191
-3.9754
16.3567
-6.3328
34.5881
-4.30216
-3.37371
-3.61895
-3.41277
-10.1753
2.4837
-5.79669
-4.04477
0.448012
5.46032
-54.6038
4.71957
-1.85181
-127.44
18.4054
-1.94001
2.53374
87.3153
2.90797
0.673108
1.15732
-2.63277
5.49873
-0.440349
1.34767
-12.4844
-2.24618
-7.92255
-2.8493
-8.8416
-0.279319
6.76456
9.20866
-4.18736
-22.1371
21.819
5.23906
-0.122033
2.32913
3.09646
1.91738
17.6707
-0.112218
-0.112072
-0.11165
-0.111811
-0.111673
-0.111467
-0.11121
-0.111041
-0.110343
-0.109925
-0.109129
-0.107098
-0.103583
-0.0991187
-0.0996387
-0.100052
-0.101282
-0.104911
-0.105737
-0.107903
-0.107872
-0.107833
-0.107464
-0.106737
-0.106303
-0.10598
-0.10502
-0.104059
-0.100307
-0.0987515
-0.0980382
-0.0963699
-0.0952021
-0.0935592
-0.0929674
-0.0910553
-0.0902806
-0.0894706
-0.0894223
-0.089316
-0.0893109
-0.0897383
-0.0905253
-0.0905332
-0.0916571
-0.0921479
-0.0923898
-0.0933762
-0.095288
-0.0950752
-0.0949563
-0.0946893
-0.0946249
-0.0943486
-0.093496
-0.0916759
-0.0905853
-0.0891625
-0.0873107
-0.08578
-0.0837352
-0.0831177
-0.0823886
-0.0807081
-0.0778035
-0.0775317
-0.0765989
-0.0758752
-0.07428
-0.0721581
-0.0702392
-0.0685494
-0.068225
-0.067693
-0.0674247
-0.0672544
-0.0669414
-0.0668275
-0.0670164
-0.0671586
-0.0677217
-0.0679696
-0.0683458
-0.0685375
-0.0656875
-0.0654815
-0.0644939
-0.0624977
-0.0601606
-0.0595503
-0.0572553
-0.0556548
-0.0518018
-0.0504797
-0.0483725
-0.0478226
-0.0476369
-0.0476088
-0.0475955
-0.0474128
-0.0467845
-0.0462565
-0.0464222
-0.0463866
-0.0456695
-0.0453056
-0.0445082
-0.0432213
-0.042538
-0.0420572
The x positions before were:
-0.112194
-0.1128
-0.10906
-0.0982985
-0.102434
-0.0989585
-0.0937868
-0.0873449
-0.0830302
-0.0653194
-0.0548258
-0.0347678
0.0166483
0.104406
0.20396
0.187491
0.170478
0.128707
0.0184679
-0.00773624
-0.0868842
-0.0882727
-0.0894982
-0.0876992
-0.0779429
-0.0801015
-0.0743247
-0.0541168
-0.0330778
0.0468337
0.0816799
0.0949919
0.128986
0.150703
0.184539
0.196672
0.234354
0.242124
0.241344
0.231492
0.22266
0.210517
0.175686
0.147062
0.135481
0.0977131
0.0758033
0.0602874
0.0179732
-0.116531
-0.128913
-0.133607
-0.146848
-0.149741
-0.155553
-0.152814
-0.125758
-0.108565
-0.0880233
-0.0563036
-0.0306505
-0.00221021
0.00864767
0.0199768
0.0501961
0.0945855
0.0990169
0.112471
0.12567
0.153185
0.186282
0.210537
0.221154
0.218154
0.216721
0.211517
0.199656
0.18247
0.179084
0.168517
0.126538
0.0717359
0.0620858
0.0308691
0.0163279
-0.0326032
-0.0306551
-0.0199808
0.00266134
0.0312075
0.0383179
0.071399
0.0941609
0.15152
0.16282
0.17046
0.164466
0.161788
0.137696
0.118318
0.107482
0.103326
0.0707604
0.0548832
0.0473376
0.0323866
0.0246683
0.0164932
0.0156112
0.0164826
0.0201594
[0m[ INFO] [1444330381.747154799]: Closing bag[0m
