[0m[ INFO] [1444342606.987787159]: Opening Bag[0m
-0.112242
-0.111949
-0.111095
-0.111388
-0.111051
-0.11051
-0.109852
-0.109492
-0.10795
-0.106918
-0.105002
-0.100378
-0.0909964
-0.0661629
-0.0639264
-0.0587144
-0.0526905
-0.0482458
-0.0467946
-0.0420879
-0.0412425
-0.0404063
-0.0376393
-0.0344635
-0.0321823
-0.0313063
-0.0290757
-0.026952
-0.0191516
-0.0159138
-0.014298
-0.0104365
-0.00740996
-0.00324188
-0.00170616
0.00379586
0.00753511
0.013857
0.0164742
0.0193532
0.0221932
0.0266864
0.0269584
0.0292705
0.0287821
0.0294959
0.0305677
0.0309866
0.0272241
0.0270139
0.0268593
0.0255983
0.0252834
0.0242746
0.0230247
0.0230577
0.0231405
0.0226847
0.0230288
0.0231947
0.0223569
0.0225894
0.0226004
0.0235764
0.0247486
0.0249099
0.0253398
0.026093
0.02779
0.030295
0.0329583
0.0360931
0.0367798
0.0380794
0.0389054
0.0397826
0.0414882
0.0419935
0.0418737
0.0434305
0.043931
0.0435637
0.0434176
0.0432487
0.0424948
0.0427253
0.0437972
0.0456962
0.0478292
0.048353
0.0508216
0.0525596
0.057317
0.0585614
0.0607557
0.0611103
0.0612204
0.0605482
0.0600373
0.0599843
0.0606837
0.0603744
0.0596756
0.0594647
0.0595311
0.0594846
0.0595617
0.0600356
0.0603057
0.060682
[0m[ INFO] [1444342606.990248199]: Closing bag[0m
