-0.147375 0.0146203
-0.148508 0.0146416
-0.151959 0.0143808
-0.152587 0.0144141
-0.157209 0.015434
-0.161529 0.0172302
-0.167553 0.0210616
-0.170537 0.0232346
-0.172801 0.0251048
-0.175931 0.0283431
-0.178658 0.0298567
-0.179311 0.0302655
-0.180123 0.0306864
-0.181183 0.0312408
-0.185456 0.0322037
-0.186685 0.0322829
-0.188279 0.0323265
-0.200164 0.0318066
-0.214079 0.030349
-0.21634 0.0300868
-0.221113 0.0295717
-0.226597 0.0289536
-0.248038 0.0246381
-0.249406 0.0243505
-0.252711 0.0228967
-0.259939 0.0144837
-0.261175 0.0131048
-0.262416 0.0116352
-0.267222 0.00469169
-0.268094 -0.000679712
-0.265915 -0.00829164
-0.265102 -0.0103043
-0.26196 -0.0147069
-0.256433 -0.0200067
-0.254359 -0.0219299
-0.251383 -0.0244247
-0.244621 -0.0295363
-0.239976 -0.0330042
-0.233225 -0.0380487
-0.229135 -0.0410374
-0.225812 -0.0432737
-0.205005 -0.053209
-0.203014 -0.0540627
-0.199074 -0.0552516
-0.190051 -0.0569939
-0.16415 -0.0599408
-0.157634 -0.0606017
-0.143947 -0.0616457
-0.126532 -0.0627768
-0.112746 -0.0637439
-0.107602 -0.0641089
-0.0786456 -0.0656674
-0.0671289 -0.0658613
0.0509123 -0.0454878
0.0472696 -0.0467829
0.0476587 -0.0468195
0.0499009 -0.04622
0.0510085 -0.0456244
0.0527512 -0.0448171
0.0585071 -0.0341613
